2.59470454e+00 2.12298217e+00
 1.15807024e+00 -1.46498723e-01
 2.46206638e+00 6.19556894e-01
 -5.54845070e-01 -7.24700066e-01
 -3.23111426e+00 -1.42579084e+00
 3.02978115e+00 7.87121753e-01
 1.97365907e+00 1.15914704e+00
 -6.44852101e+00 -3.18154314e+00
 1.30963349e+00 1.62866434e-01
 4.26482541e+00 2.15547996e+00
 3.79927257e+00 1.50572445e+00
 4.17452609e-01 -6.74032760e-01
 4.21117627e-01 4.45590255e-01
 -2.80425571e+00 -7.77150554e-01
 2.55928797e+00 7.03954218e-01
 1.32554059e+00 -9.46663152e-01
 -3.39691439e+00 -1.49005743e+00
 -2.26542270e-01 3.60052515e-02
 1.04994198e+00 5.29825685e-01
 -1.51566882e+00 -1.86264432e-01
 -3.27928172e-01 -7.60859110e-01
 -3.18054866e-01 3.97719805e-01
 1.65579418e-01 -3.47232033e-01
 6.47162333e-01 4.96059961e-02
 -2.80776647e-01 4.79418757e-01
 7.45069752e-01 1.20790281e-01
 2.13604102e-01 1.59542555e-01
 -3.08860224e+00 -1.43259870e+00
 8.97066497e-01 1.10206801e+00
 -2.23918874e-01 -1.07267267e+00
 2.51525708e+00 2.84761973e-01
 9.98052532e-01 1.08333783e+00
 1.76705588e+00 8.18866778e-01
 5.31555163e-02 -1.90111151e-01
 -2.17405059e+00 7.21854582e-02
 -2.13772505e+00 -3.62010387e-01
 2.95974057e+00 1.31602381e+00
 2.74053561e+00 1.61781757e+00
 6.68135448e-01 2.86586009e-01
 2.82323739e+00 1.74437257e+00
 8.11540288e-01 5.50744478e-01
 4.10050897e-01 5.10668402e-03
 9.58626136e-01 -3.49633680e-01
 4.66599798e+00 1.49964894e+00
 4.94507794e-01 2.58928077e-01
 -2.36029742e+00 -1.61042909e+00
 -4.99306804e-01 -8.04984769e-01
 1.07448510e+00 9.39605828e-01
 -1.80448949e+00 -1.05983264e+00
 -3.22353821e-01 1.73612093e-01
 1.85418702e+00 1.15640643e+00
 6.93794163e-01 6.59993560e-01
 1.99399102e+00 1.44547123e+00
 3.38866124e+00 1.23379290e+00
 -4.24067720e+00 -1.22264282e+00
 6.03230201e-02 2.95232729e-01
 -3.59341813e+00 -7.17453726e-01
 4.87447372e-01 -2.00733911e-01
 1.20149195e+00 4.07880197e-01
 -2.13331464e+00 -4.58518077e-01
 -3.84091083e+00 -1.71553950e+00
 -5.37279250e-01 2.64822629e-02
 -2.10155227e+00 -1.32558103e+00
 -1.71318897e+00 -7.12098563e-01
 -1.46280695e+00 -1.84868337e-01
 -3.59785325e+00 -1.54832434e+00
 -5.77528081e-01 -5.78580857e-01
 3.14734283e-01 5.80184639e-01
 -2.71164714e+00 -1.19379432e+00
 1.09634489e+00 7.20143887e-01
 -3.05527722e+00 -1.47774064e+00
 6.71753586e-01 7.61350020e-01
 3.98294144e+00 1.54166484e+00
 -3.37220384e+00 -2.21332064e+00
 1.81222914e+00 7.41212752e-01
 2.71458282e-01 1.36329078e-01
 -3.97815359e-01 1.16766886e-01
 -1.70192814e+00 -9.75851571e-01
 -3.46803804e+00 -1.09965988e+00
 -1.69649627e+00 -5.76045801e-01
 -1.02485636e-01 -8.81841246e-01
 -3.24194667e-02 2.55429276e-01
 -2.75343168e+00 -1.51366320e+00
 -2.78676702e+00 -5.22360489e-01
 1.70483164e+00 1.19769805e+00
 4.92022579e-01 3.24944706e-01
 2.48768464e+00 1.00055363e+00
 4.48786400e-01 7.63902870e-01
 2.93862696e+00 1.73809968e+00
 -3.55019305e+00 -1.97875558e+00
 1.74270784e+00 6.90229224e-01
 5.13391994e-01 4.58374016e-01
 1.78379499e+00 9.08026381e-01
 1.75814147e+00 7.41449784e-01
 -2.30687792e-01 3.91009729e-01
 3.92271353e+00 1.44006290e+00
 2.93361679e-01 -4.99886375e-03
 2.47902690e-01 -7.49542503e-01
 -3.97675355e-01 1.36824887e-01
 3.56535953e+00 1.15181329e+00
 3.22425301e+00 1.28702383e+00
 -2.94192478e-01 -2.42382557e-01
 8.02068864e-01 -1.51671475e-01
 8.54133530e-01 -4.89514885e-02
 -1.64316316e-01 -5.34642346e-01
 -6.08485405e-01 -2.10332352e-01
 -2.18940059e+00 -1.07024952e+00
 -1.71586960e+00 -2.83333492e-02
 1.70200448e-01 -3.28031178e-01
 -1.97210346e+00 -5.39948532e-01
 2.19500160e+00 1.05697170e+00
 -1.76239935e+00 -1.09377438e+00
 1.68314744e+00 6.86491164e-01
 -2.99852288e+00 -1.46619067e+00
 -2.23769560e+00 -9.15008355e-01
 9.46887516e-01 5.58410503e-01
 5.02153123e-01 1.63851235e-01
 -9.70297062e-01 3.14625374e-01
 -1.29405593e+00 -8.20994131e-01
 2.72516079e+00 7.85839947e-01
 1.45788024e+00 3.37487353e-01
 -4.36292749e-01 -5.42150480e-01
 2.21304711e+00 1.25254042e+00
 -1.20810271e-01 4.79632898e-01
 -3.30884511e+00 -1.50607586e+00
 -6.55882455e+00 -1.94231256e+00
 -3.17033630e+00 -9.94678930e-01
 1.42043617e+00 7.28808957e-01
 -1.57546099e+00 -1.10320497e+00
 -3.22748754e+00 -1.64174579e+00
 2.96776017e-03 -3.16191512e-02
 -2.25986054e+00 -6.13123197e-01
 2.49434243e+00 7.73069183e-01
 9.08494049e-01 -1.53926853e-01
 -2.80559090e+00 -1.37474221e+00
 4.75224286e-01 2.53153674e-01
 4.37644006e+00 8.49116998e-01
 2.27282959e+00 6.16568202e-01
 1.16006880e+00 1.65832798e-01
 -1.67163193e+00 -1.22555386e+00
 -1.38231118e+00 -7.29575504e-01
 -3.49922750e+00 -2.26446675e+00
 -3.73780110e-01 -1.90657869e-01
 1.68627679e+00 1.05662987e+00
 -3.28891792e+00 -1.11080334e+00
 -2.59815798e+00 -1.51410198e+00
 -2.61203309e+00 -6.00143552e-01
 6.58964943e-01 4.47216094e-01
 -2.26711381e+00 -7.26512923e-01
 -5.31429009e-02 -1.97925341e-02
 3.19749807e+00 9.20425476e-01
 -1.37595787e+00 -6.58062732e-01
 8.09900278e-01 -3.84286160e-01
 -5.07741280e+00 -1.97683808e+00
 -2.99764250e+00 -1.50753777e+00
 -9.87671815e-01 -4.63255889e-01
 1.65390765e+00 6.73806615e-02
 5.51252659e+00 2.69842267e+00
 -2.23724309e+00 -4.77624004e-01
 4.99726228e+00 1.74690949e+00
 1.75859162e-01 -1.49350995e-01
 4.13382789e+00 1.31735161e+00
 2.69058117e+00 4.87656923e-01
 1.07180318e+00 1.01426954e+00
 3.37216869e+00 1.05955377e+00
 -2.95006781e+00 -1.57048303e+00
 -2.46401648e+00 -8.37056374e-01
 1.19012962e-01 7.54702770e-01
 3.34142539e+00 4.81938295e-01
 2.92643913e+00 1.04301050e+00
 2.89697751e+00 1.37551442e+00
 -1.03094242e+00 2.20903962e-01
 -5.13914589e+00 -2.23355387e+00
 -8.81680780e-01 1.83590000e-01
 2.82334775e+00 1.26650464e+00
 -2.81042540e-01 -3.26370240e-01
 2.97995487e+00 8.34569452e-01
 -1.39857135e+00 -1.15798385e+00
 4.27186506e+00 9.04253702e-01
 6.98684517e-01 7.91167305e-01
 3.52233095e+00 1.29976473e+00
 2.21448029e+00 2.73213379e-01
 -3.13505683e-01 -1.20593774e-01
 3.70571571e+00 1.06220876e+00
 9.83881041e-01 5.67713803e-01
 -2.17897705e+00 2.52925205e-01
 1.38734039e+00 4.61287066e-01
 -1.41181602e+00 -1.67248955e-02
 -1.69974639e+00 -7.17812071e-01
 -2.01005793e-01 -7.49662056e-01
 1.69016336e+00 3.24687979e-01
 -2.03250179e+00 -2.76108460e-01
 3.68776848e-01 4.12536941e-01
 7.66238259e-01 -1.84750637e-01
 -2.73989147e-01 -1.72817250e-01
 -2.18623745e+00 -2.10906798e-01
 -1.39795625e-01 3.26066094e-02
 -2.73826912e-01 -6.67586097e-02
 -1.57880654e+00 -4.99395900e-01
 4.55950908e+00 2.29410489e+00
 -7.36479631e-01 -1.57861857e-01
 1.92082888e+00 1.05843391e+00
 4.29192810e+00 1.38127810e+00
 1.61852879e+00 1.95871986e-01
 -1.95027403e+00 -5.22448168e-01
 -1.67446281e+00 -9.41497162e-01
 6.07097859e-01 3.44178029e-01
 -3.44004683e+00 -1.49258461e+00
 2.72114752e+00 6.00728991e-01
 8.80685522e-01 -2.53243336e-01
 1.39254928e+00 3.42988512e-01
 1.14194836e-01 -8.57945694e-02
 -1.49387332e+00 -7.60860481e-01
 -1.98053285e+00 -4.86039865e-01
 3.56008568e+00 1.08438692e+00
 2.27833961e-01 1.09441881e+00
 -1.16716710e+00 -6.54778242e-01
 2.02156613e+00 5.42075758e-01
 1.08429178e+00 -7.67420693e-01
 6.63058455e-01 4.61680991e-01
 -1.06201537e+00 1.38862846e-01
 3.08701875e+00 8.32580273e-01
 -4.96558108e-01 -2.47031257e-01
 7.95109987e-01 7.59314147e-02
 -3.39903524e-01 8.71565566e-03
 8.68351357e-01 4.78358641e-01
 1.48750819e+00 7.63257420e-01
 -4.51224101e-01 -4.44056898e-01
 -3.02734750e-01 -2.98487961e-01
 5.46846609e-01 7.02377629e-01
 1.65129778e+00 3.74008231e-01
 -7.43336512e-01 3.95723531e-01
 -5.88446605e-01 -6.47520211e-01
 3.58613167e+00 1.95024937e+00
 3.11718883e+00 8.37984715e-01
 1.80919244e+00 9.62644986e-01
 5.43856371e-02 -5.86297543e-01
 -1.95186766e+00 -1.02624212e-01
 8.95628057e-01 5.91812281e-01
 4.97691627e-02 5.31137156e-01
 -1.07633113e+00 -2.47392788e-01
 -1.17257986e+00 -8.68528265e-01
 -8.19227665e-02 5.80579434e-03
 -2.86409787e-01 1.95812924e-01
 1.10582671e+00 7.42853240e-01
 4.06429774e+00 1.06557476e+00
